0.2633476257324218e-1
0.1462268829345703e-1
0.6486892700195312e-2
0.8015155792236328e-2
0.8925914764404297e-2
0.4389047622680664e-2
0.3520965576171875e-2
0.2329349517822265e-2
0.136423110961914e-2
0.3188610076904297e-2
0.2935647964477539e-2
0.8782386779785156e-2
0.784444808959961e-2
0.7030487060546875e-2
0.5064725875854492e-2
0.4410743713378906e-2
0.3667831420898437e-2
0.2941131591796875e-2
0.2056598663330078e-2
0.1690149307250976e-2
0.2357959747314453e-2
0.117349624633789e-2
0.3639936447143554e-2
0.1185417175292968e-2
0.1368522644042968e-2
0.3979206085205078e-3
0.4036426544189453e-3
0.6184577941894531e-3
0.347900390625e-2
0.4186630249023437e-3
0.3368139266967773e-2
0.402688980102539e-3
0.2799510955810547e-2
0.5545616149902344e-3
0.1967430114746093e-2
0.9760856628417969e-3
0.9622573852539062e-3
0.4010200500488281e-3
0.4558563232421875e-3
0.2930641174316406e-2
0.2402305603027343e-2
0.2309560775756836e-2
0.3182172775268554e-2
0.348973274230957e-2
0.3465175628662109e-2
0.2874374389648437e-2
0.2842187881469726e-2
0.2319812774658203e-2
0.221562385559082e-2
0.2864599227905273e-2
0.2475261688232422e-2
0.3057003021240234e-2
0.2888679504394531e-2
0.3004312515258789e-2
0.2441883087158203e-2
0.4100799560546875e-2
0.3015041351318359e-2
0.127267837524414e-2
0.3284692764282226e-2
0.3061532974243164e-2
0.8360424041748047e0
0.2306938171386718e-2
0.2949714660644531e-2
0.2873420715332031e-2
0.440835952758789e-3
0.411677360534668e-2
0.4656791687011719e-2
0.3598213195800781e-2
0.4078388214111328e-2
0.2630472183227539e-2
0.3420591354370117e-2
0.2842426300048828e-2
0.2485036849975586e-2
0.36773681640625e-2
0.3170967102050781e-2
0.3567218780517578e-2
0.2817153930664062e-2
0.1806497573852539e-2
0.9209871292114258e-2
0.8798599243164062e-2
0.2041578292846679e-2
0.1225948333740234e-2
0.1464605331420898e-2
0.1012563705444336e-2
0.696563720703125e-2
0.1173734664916992e-2
0.1561164855957031e-2
0.1147270202636718e-2
0.1215457916259765e-2
0.1192331314086914e-2
0.4879474639892578e-2
0.4837751388549805e-2
0.3061771392822265e-2
0.5720138549804687e-2
0.161290168762207e-2
0.1485586166381836e-2
0.1479387283325195e-2
0.1415729522705078e-2
0.4256725311279297e-2
0.2355813980102539e-2
0.9725093841552734e-3
0.1080513000488281e-2
0.2996683120727539e-2
0.284886360168457e-2
0.3973722457885742e-2
0.3340959548950195e-2
0.1319646835327148e-2
0.1903057098388671e-2
0.1202106475830078e-2
0.3045558929443359e-2
0.1973152160644531e-2
0.1487970352172851e-2
0.2131938934326172e-2
0.2038717269897461e-2
0.170135498046875e-2
0.1074552536010742e-2
0.180673599243164e-2
0.2097368240356445e-2
0.2772092819213867e-2
0.1194000244140625e-2
0.5553722381591797e-2
0.3136873245239258e-2
0.3221511840820312e-2
0.2507209777832031e-2
0.3688573837280273e-2
0.2840280532836914e-2
0.5883455276489258e-2
0.149083137512207e-2
0.2337932586669922e-2
0.6032943725585937e-2
0.1111030578613281e-2
0.1034021377563476e-2
0.2429485321044922e-2
0.1156330108642578e-2
0.3200292587280273e-2
0.1229047775268554e-2
0.2221345901489258e-2
0.3087282180786133e-2
0.1474618911743164e-2
0.1338720321655273e-2
0.1170158386230468e-2
0.1064300537109375e-2
0.111246109008789e-2
0.1678943634033203e-2
0.1127958297729492e-2
0.1145839691162109e-2
0.1102209091186523e-2
0.3026008605957031e-2
0.2812862396240234e-2
0.1362800598144531e-2
0.1143455505371093e-2
0.1061201095581054e-2
0.1644849777221679e-2
0.1241683959960937e-2
0.9884834289550781e-3
0.2505302429199218e-2
0.3879785537719726e-2
0.1114845275878906e-2
0.1910209655761718e-2
0.9109973907470703e-3
0.1285314559936523e-2
0.1105308532714843e-2
0.9768009185791016e-3
0.1058101654052734e-2
0.1962661743164062e-2
0.1116514205932617e-2
0.3342866897583008e-2
0.2622365951538086e-2
0.1971960067749023e-2
0.1475334167480468e-2
0.154423713684082e-2
0.3117084503173828e-2
0.1133918762207031e-2
0.1140832901000976e-2
0.1110553741455078e-2
0.1147031784057617e-2
0.1931190490722656e-2
0.1047134399414062e-2
0.1000165939331054e-2
0.3278732299804687e-2
0.1285076141357421e-2
0.1436948776245117e-2
0.4599809646606445e-2
0.2038717269897461e-2
0.1119375228881836e-2
0.1012563705444336e-2
0.2403736114501953e-2
0.1719474792480468e-2
0.1306772232055664e-2
0.1174688339233398e-2
0.1272439956665039e-2
0.1494407653808593e-2
0.1011610031127929e-2
0.1164197921752929e-2
0.1503944396972656e-2
0.6163120269775391e-2
0.1388311386108398e-2
0.1031160354614257e-2
0.1189708709716796e-2
0.1124143600463867e-2
0.1187324523925781e-2
0.1570940017700195e-2
0.3065824508666992e-2
0.2983808517456054e-2
0.307774543762207e-2
0.1069307327270507e-2
0.2879619598388672e-2
0.3446817398071289e-2
0.1324653625488281e-2
0.1393318176269531e-2
0.6504058837890625e-3
0.1075983047485351e-2
0.9241104125976562e-3
0.1631736755371093e-2
0.1178503036499023e-2
0.3944158554077148e-2
0.1583099365234375e-2
0.1748561859130859e-2
0.1077413558959961e-2
0.3214359283447265e-2
0.1107454299926757e-2
0.1317739486694336e-2
0.1145124435424804e-2
0.3285169601440429e-2
0.1021146774291992e-2
0.2861261367797851e-2
0.1121997833251953e-2
0.445866584777832e-2
0.1199007034301757e-2
0.3656387329101562e-2
0.861687421798706e0
0.1383304595947265e-2
0.1261711120605468e-2
0.3307104110717773e-2
0.1035213470458984e-2
0.1154422760009765e-2
0.1017332077026367e-2
0.1058816909790039e-2
0.1286983489990234e-2
0.1166820526123046e-2
0.2729177474975586e-2
0.4002809524536133e-2
0.2470254898071289e-2
0.1737594604492187e-2
0.1322507858276367e-2
0.133824348449707e-2
0.1048088073730468e-2
0.1479387283325195e-2
0.9000301361083984e-3
0.1182079315185546e-2
0.1055240631103515e-2
0.9622573852539062e-3
0.1218795776367187e-2
0.363922119140625e-2
0.1229286193847656e-2
0.989675521850586e-3
0.2431392669677734e-2
0.127720832824707e-2
0.1891851425170898e-2
0.5881786346435547e-3
0.2972126007080078e-2
0.1099109649658203e-2
0.312662124633789e-2
0.3152608871459961e-2
0.1002788543701171e-2
0.1224517822265625e-2
0.2957582473754883e-2
0.3424406051635742e-2
0.1498937606811523e-2
0.6002130508422852e0
0.1891851425170898e-2
0.5071401596069336e-2
0.1934051513671875e-2
0.3209352493286133e-2
0.1395940780639648e-2
0.1072168350219726e-2
0.1203536987304687e-2
0.4777908325195312e-2
0.1024246215820312e-2
0.1059770584106445e-2
0.1039743423461914e-2
0.1142740249633789e-2
0.1060247421264648e-2
0.1563310623168945e-2
0.3541946411132812e-2
0.9794235229492188e-3
0.3356695175170898e-2
0.1290321350097656e-2
0.1009702682495117e-2
0.6000995635986328e-3
0.3755807876586914e-2
0.2135896682739257e-1
0.5455493927001953e-2
0.8063316345214844e-3
0.3948450088500976e-2
0.5686283111572266e-3
0.1027917861938476e-1
0.2007484436035156e-2
0.6170272827148438e-3
0.3148317337036133e-2
0.349736213684082e-2
0.5916595458984375e-2
0.3310203552246093e-2
0.165107250213623e-1
0.3262519836425781e-2
0.2843379974365234e-2
0.5929708480834961e-2
0.3021001815795898e-2
0.3089427947998047e-2
0.3242254257202148e-2
0.3139495849609375e-2
0.3029823303222656e-2
0.2917051315307617e-2
0.3723621368408203e-2
0.2947568893432617e-2
0.3023386001586914e-2
0.2849817276000976e-2
0.1965999603271484e-2
0.5977153778076172e-3
0.6229877471923828e-3
0.3242731094360351e-2
0.4689693450927734e-2
0.9629726409912109e-3
0.3028154373168945e-2
0.3614425659179687e-3
0.4877328872680664e-2
0.4365444183349609e-3
0.136423110961914e-2
0.2661705017089843e-2
0.2808570861816406e-2
0.2581119537353515e-2
0.113987922668457e-2
0.3518104553222656e-2
0.2710580825805664e-2
0.2738714218139648e-2
0.4014968872070312e-3
0.1029014587402343e-2
0.6909370422363281e-3
0.311279296875e-2
0.7607076168060303e0
0.5814790725708008e-2
0.4615545272827148e-2
0.316166877746582e-2
0.3827333450317383e-2
0.3196001052856445e-2
0.1982283592224121e-1
0.3042459487915039e-2
0.5639076232910156e-2
0.5114555358886719e-2
0.6492137908935547e-2
0.1909184455871582e-1
0.4616260528564453e-2
0.3214120864868164e-2
0.3158807754516601e-2
0.388646125793457e-2
0.3607749938964843e-2
0.3530740737915039e-2
0.3214836120605468e-2
0.299692153930664e-2
0.3283262252807617e-2
0.3710746765136718e-2
0.4185199737548828e-2
0.4211902618408203e-2
0.3107070922851562e-2
0.1981091499328613e-1
0.5258083343505859e-2
0.352334976196289e-2
0.3824234008789062e-3
0.285959243774414e-2
0.3389358520507812e-2
0.3374099731445312e-2
0.3808975219726562e-2
0.3855228424072265e-3
0.1695156097412109e-2
0.2933979034423828e-2
0.3304004669189453e-2
0.5630970001220703e-2
0.45166015625e-2
0.448155403137207e-2
0.4464149475097656e-2
0.3855466842651367e-2
0.2619028091430664e-2
0.4668235778808594e-2
0.2866744995117187e-2
0.3369092941284179e-2
0.3898143768310547e-3
0.3090143203735351e-2
0.3286123275756836e-2
0.2012491226196289e-2
0.3727197647094726e-2
0.2620220184326172e-2
0.7368409633636475e0
0.232696533203125e-2
0.5800724029541016e-2
0.2857923507690429e-2
0.3500699996948242e-2
0.5784034729003906e-3
0.5409717559814453e-3
0.3266572952270508e-2
0.2556324005126953e-2
0.2960920333862304e-2
0.3574848175048828e-2
0.284576416015625e-2
0.4702944755554199e0
0.2705097198486328e-2
0.4027605056762695e-2
0.6866455078125e-3
0.5931854248046875e-2
0.3723859786987304e-2
0.1364350318908691e-1
0.6327629089355469e-3
0.3366947174072265e-2
0.8630752563476562e-3
0.4381179809570312e-2
0.3290891647338867e-2
0.2540111541748047e-2
0.5316734313964844e-3
0.2743244171142578e-2
0.8242130279541016e-3
0.2956151962280273e-2
0.4075765609741211e-2
0.3280878067016601e-2
0.295877456665039e-2
0.3301143646240234e-2
0.3270864486694336e-2
0.2691984176635742e-2
0.2995491027832031e-2
0.3671646118164062e-3
0.4780292510986328e-3
0.3604888916015625e-3
0.3821849822998047e-3
0.4057884216308594e-3
0.3814697265625e-3
0.410318374633789e-3
0.3528594970703125e-3
0.4665851593017578e-3
0.3981590270996094e-3
0.3981590270996094e-3
0.5813121795654297e-2
0.1242685317993164e-1
0.1604700088500976e-1
0.4241466522216797e-3
0.3499984741210937e-3
0.4148483276367187e-3
0.4878044128417969e-3
0.5307197570800781e-3
0.356912612915039e-3
0.4739761352539062e-3
0.2918004989624023e-2
0.3022909164428711e-2
0.5209445953369141e-3
0.7224082946777344e-3
0.3103971481323242e-2
0.4143953323364258e-2
0.5293130874633789e-2
0.4556417465209961e-2
0.2058005332946777e-1
0.3252506256103515e-2
0.1663661003112793e-1
0.3199100494384765e-2
0.3981590270996094e-3
0.6031990051269531e-3
0.3595352172851562e-3
0.3025531768798828e-3
0.3712415695190429e-2
0.3170490264892578e-2
0.3625154495239258e-2
0.2604246139526367e-2
0.3819465637207031e-3
0.3571510314941406e-3
0.2999305725097656e-2
0.2355813980102539e-2
0.3468990325927734e-3
0.1370668411254882e-2
0.2427101135253906e-2
0.3640651702880859e-3
0.3933906555175781e-3
0.3709793090820312e-3
0.6494522094726562e-3
0.3507137298583984e-3
0.2886295318603515e-2
0.2668380737304687e-2
0.1271486282348632e-2
0.4253387451171875e-3
0.7348060607910156e-3
0.3933191299438476e-2
0.3215789794921875e-2
0.3078699111938476e-2
0.1411676406860351e-1
0.3344535827636718e-2
0.1375436782836914e-1
0.3240108489990234e-2
0.1395082473754882e-1
0.3588199615478515e-2
0.3277778625488281e-2
0.3129005432128906e-2
0.3379583358764648e-2
0.54931640625e-3
0.320744514465332e-2
0.358128547668457e-2
0.4079818725585937e-2
0.330662727355957e-2
0.1031213760375976e1
0.3545999526977539e-2
0.4055500030517578e-3
0.2586603164672851e-2
0.2739906311035156e-2
0.1350641250610351e-2
0.8008480072021484e-3
0.444650650024414e-3
0.5228519439697266e-3
0.245523452758789e-2
0.2951622009277343e-2
0.2906560897827148e-2
0.3592967987060547e-3
0.3900527954101562e-3
0.3554821014404297e-3
0.3795623779296875e-3
0.385284423828125e-3
0.5450248718261719e-3
0.3044605255126953e-3
0.5035400390625e-3
0.3824234008789062e-3
0.3437995910644531e-3
0.1955032348632812e-3
0.3814697265625e-3
0.415802001953125e-3
0.3998279571533203e-3
0.5428791046142578e-3
0.3159523010253906e-2
0.4022121429443359e-3
0.703120231628418e-2
0.4456043243408203e-3
0.7321834564208984e-2
0.238349437713623e-1
0.1101255416870117e-2
0.3952980041503906e-3
0.3669261932373047e-3
0.1578807830810546e-2
0.7535457611083984e-2
0.4770755767822265e-3
0.515437126159668e-2
0.3743171691894531e-3
0.5159378051757812e-3
0.4651546478271484e-3
0.5197525024414062e-2
0.2864837646484375e-2
0.3960132598876953e-3
0.9985685348510742e-2
0.339818000793457e-2
0.5717277526855469e-3
0.3272294998168945e-2
0.2706766128540039e-2
0.1140372514724731e1
0.3579378128051758e-2
0.3457784652709961e-2
0.3678798675537109e-2
0.2763509750366211e-2
0.3820180892944336e-2
0.3328561782836914e-2
0.3614425659179687e-3
0.1174211502075195e-2
0.3180980682373047e-2
0.5884170532226562e-3
0.3381729125976562e-2
0.6766319274902344e-3
0.3254890441894531e-2
0.2809047698974609e-2
0.6079673767089844e-3
0.3185033798217773e-2
0.6117820739746094e-3
0.8647441864013672e-2
0.9217090606689453e0
0.5123615264892578e-2
0.3514289855957031e-3
0.3514289855957031e-3
0.3733634948730469e-3
0.5867481231689453e-3
0.3175258636474609e-2
0.3249168395996093e-2
0.3489494323730468e-2
0.3432989120483398e-2
0.1069682359695434e1
0.3800868988037109e-2
0.3936290740966797e-3
0.9777545928955078e-3
0.3952980041503906e-3
0.1139640808105468e-2
0.7987499237060547e-2
0.3196954727172851e-2
0.4000663757324219e-3
0.9450912475585938e-3
0.1232242584228515e-1
0.1315283775329589e-1
0.3609657287597656e-3
0.3408432006835937e-2
0.5517005920410156e-3
0.5476474761962891e-3
0.5029201507568359e-2
0.4964828491210937e-2
0.4439353942871094e-3
0.3722429275512695e-2
0.3783702850341797e-3
0.5151510238647461e-2
0.4433870315551758e-2
0.6525516510009766e-2
0.4634618759155273e-2
0.2546548843383789e-2
0.2970695495605468e-2
0.308537483215332e-2
0.6158351898193359e-3
0.3486871719360351e-2
0.2667188644409179e-2
0.2726316452026367e-2
0.3523826599121094e-3
0.3368854522705078e-3
0.2218961715698242e-2
0.5178451538085938e-3
0.311589241027832e-2
0.3794431686401367e-2
0.3767013549804687e-3
0.3595352172851562e-3
0.3552436828613281e-3
0.5686521530151367e-2
0.431060791015625e-3
0.370025634765625e-3
0.3714561462402344e-3
0.370025634765625e-3
0.3659725189208984e-3
0.3554821014404297e-3
0.3631114959716797e-3
0.2344131469726562e-2
0.3652572631835937e-3
0.3039360046386718e-2
0.5114078521728516e-3
0.5845069885253906e-2
0.6110191345214844e-2
0.3514289855957031e-3
0.3316164016723633e-2
0.4007339477539062e-2
0.2780437469482422e-2
0.7545745372772217e0
0.3679037094116211e-2
0.3592967987060547e-3
0.3111839294433593e-2
0.4156351089477539e-2
0.346684455871582e-2
0.3223419189453125e-2
0.3584861755371093e-2
0.3488779067993164e-2
0.2577543258666992e-2
0.7593631744384766e-3
0.4079341888427734e-2
0.5617141723632812e-3
0.3662109375e-2
0.5946159362792969e-3
0.3433704376220703e-2
0.6480216979980469e-3
0.3198862075805664e-2
0.9324550628662109e-3
0.4337549209594726e-2
0.6415843963623047e-3
0.3261089324951172e-2
0.8265972137451172e-3
0.3450870513916015e-2
0.6420612335205078e-3
0.3257513046264648e-2
0.6830692291259766e-3
0.3769636154174804e-2
0.5595684051513672e-3
0.3234386444091797e-2
0.5822181701660156e-3
0.4559993743896484e-2
0.6017684936523438e-3
0.3311872482299804e-2
0.5776882171630859e-3
0.4047155380249023e-2
0.6530284881591797e-3
0.3286361694335937e-2
0.6234645843505859e-3
0.4699230194091797e-2
0.5881786346435547e-3
0.327610969543457e-2
0.6632804870605469e-3
0.2896547317504883e-2
0.5652904510498047e-3
0.3374338150024414e-2
0.6036758422851562e-3
0.3386497497558593e-2
0.7495880126953125e-3
0.3949165344238281e-2
0.6260871887207031e-3
0.3298521041870117e-2
0.6287097930908203e-3
0.3176212310791015e-2
0.7331371307373047e-3
0.3262042999267578e-2
0.5977153778076172e-3
0.3695487976074218e-2
0.6239414215087891e-3
0.3146886825561523e-2
0.5724430084228516e-3
0.3571510314941406e-2
0.6926059722900391e-3
0.4860162734985351e-2
0.6074905395507812e-3
0.3132581710815429e-2
0.5447864532470703e-3
0.3873825073242187e-2
0.5857944488525391e-3
0.3637075424194336e-2
0.6015300750732422e-3
0.335550308227539e-2
0.6401538848876953e-3
0.3683328628540039e-2
0.6411075592041016e-3
0.5032062530517578e-2
0.2987623214721679e-2
0.3252506256103515e-2
0.3335237503051758e-2
0.4270076751708984e-2
0.3995895385742187e-2
0.285959243774414e-2
0.3838539123535156e-2
0.3315448760986328e-2
0.3188133239746093e-2
0.3633022308349609e-2
0.2770185470581054e-2
0.3190279006958008e-2
0.3809928894042969e-3
0.3593206405639648e-2
0.4795074462890625e-2
0.3169775009155273e-2
0.7771270275115967e0
0.3362894058227539e-2
0.9412937164306641e0
0.1555919647216796e-2
0.3156661987304687e-2
0.3434419631958008e-2
0.325632095336914e-2
0.3431081771850586e-2
0.3310441970825195e-2
0.3308296203613281e-2
0.5483150482177734e-2
0.3676891326904297e-2
0.3398895263671875e-2
0.3842592239379883e-2
0.9842205047607422e-1
0.342416763305664e-2
0.3975868225097656e-2
0.336766242980957e-2
0.2787590026855468e-2
0.9329831600189209e0
0.3464698791503906e-2
0.2364635467529297e-2
0.1740455627441406e-2
0.1660823822021484e-2
0.7355213165283203e-3
0.326395034790039e-2
0.9730918407440186e0
0.3948450088500976e-2
0.3275394439697265e-2
0.4503726959228515e-3
0.3633499145507812e-3
0.3357648849487304e-2
0.1342248916625976e-1
0.3168106079101562e-2
0.2973794937133789e-2
0.5954265594482422e-2
0.1559996604919433e-1
0.2908706665039062e-2
0.357365608215332e-2
0.6429195404052734e-2
0.824284553527832e-2
0.5990028381347656e-2
0.4215240478515625e-3
0.1274347305297851e-2
0.7079124450683594e-2
0.3391981124877929e-2
0.263071060180664e-2
0.7550954818725586e-2
0.3783702850341797e-3
0.5388975143432617e-2
0.4301071166992187e-3
0.3986358642578125e-3
0.5689859390258789e-2
0.3788471221923828e-3
0.6602048873901367e-2
0.4529953002929687e-3
0.1809835433959961e-2
0.5304336547851562e-2
0.3862380981445312e-3
0.4270076751708984e-3
0.5103588104248047e-2
0.1724004745483398e-2
0.1517796516418457e-1
0.1167082786560058e-1
0.7066488265991211e-2
0.288701057434082e-2
0.1511096954345703e-2
0.9781405925750732e0
0.572967529296875e-2
0.1498222351074218e-2
0.1718044281005859e-2
0.9829998016357422e-3
0.2830743789672851e-2
0.2508401870727539e-2
0.6517171859741211e-2
0.385284423828125e-3
0.2069711685180664e-2
0.2626419067382812e-2
0.4063129425048828e-2
0.668644905090332e-2
0.3320455551147461e-2
0.250244140625e-2
0.2974987030029297e-2
0.2533435821533203e-2
0.3971576690673828e-2
0.2590894699096679e-2
0.2921342849731445e-2
0.2838373184204101e-2
0.296330451965332e-2
0.7184505462646484e-2
0.313568115234375e-2
0.3854036331176758e-2
0.3156661987304687e-2
0.3328561782836914e-2
0.2717733383178711e-2
0.2965927124023437e-2
0.295114517211914e-2
0.2557277679443359e-2
0.4236221313476562e-2
0.4296541213989258e-2
0.3136157989501953e-2
0.7574319839477539e-2
0.8891105651855469e-2
0.4034042358398437e-3
0.5741119384765625e-2
0.5752086639404297e-2
0.3123044967651367e-2
0.2598524093627929e-2
0.3007650375366211e-2
0.3234386444091797e-2
0.3783702850341797e-3
0.1135134696960449e-1
0.3987550735473633e-2
0.3220558166503906e-2
0.297856330871582e-2
0.5831718444824219e-2
0.3053426742553711e-2
0.2971887588500976e-2
0.2458810806274414e-2
0.3062725067138672e-2
0.1870870590209961e-2
0.4432201385498047e-3
0.453948974609375e-3
0.2698183059692383e-2
0.4017353057861328e-3
0.4558563232421875e-3
0.7819890975952148e-2
0.5853176116943359e-3
0.4557371139526367e-2
0.1380228996276855e-1
0.5414485931396484e-3
0.4847288131713867e-2
0.279998779296875e-2
0.3632068634033203e-2
0.3099203109741211e-2
0.3209590911865234e-2
0.3443717956542968e-2
0.1455068588256836e-2
0.3201723098754883e-2
0.3061532974243164e-2
0.1051544427871704e1
0.3407716751098633e-2
0.7331371307373047e-3
0.2899885177612304e-2
0.4134178161621094e-3
0.3448009490966797e-2
0.3896236419677734e-2
0.7263898849487305e-2
0.3447532653808594e-3
0.4267692565917969e-3
0.3750324249267578e-3
0.429391860961914e-3
0.3829002380371094e-3
0.6504535675048828e-2
0.4444122314453125e-3
0.3131866455078125e-2
0.4427433013916015e-3
0.4918575286865234e-3
0.3895759582519531e-3
0.7681846618652344e-3
0.4349946975708008e-2
0.3496170043945312e-2
0.5751609802246094e-2
0.3579616546630859e-2
0.342416763305664e-2
0.3383398056030273e-2
0.4164695739746094e-2
0.2784967422485351e-2
0.3267288208007812e-2
0.3227949142456054e-2
0.4172325134277344e-3
0.3389120101928711e-2
0.1929283142089843e-2
0.3289222717285156e-2
0.4190444946289062e-2
0.1114451169967651e1
0.1573630571365356e1
0.3617048263549804e-2
